! slip distribution of 2011 Tohoku-oki tsunami 
! Fujii et al.(2011) Ver. 4.2
! retrieved from https://kiyuu.bosai.go.jp/TwDB/sources/s00206.txt
! tau=0
! lat[deg], lon[deg], depth[km], length[km], width[km], dip[deg], strike[deg], rake[deg], slip[m]
39.7380000 144.3310000 0.00000 50.00000 50.00000 14.00 193.00 81.00 .00 
39.3000000 144.2000000 0.00000 50.00000 50.00000 14.00 193.00 81.00 .00 
38.8620000 144.0690000 0.00000 50.00000 50.00000 14.00 193.00 81.00 5.66 
38.4240000 143.9390000 0.00000 50.00000 50.00000 14.00 193.00 81.00 41.15 
37.9860000 143.8100000 0.00000 50.00000 50.00000 14.00 193.00 81.00 47.93 
37.5470000 143.6820000 0.00000 50.00000 50.00000 14.00 193.00 81.00 8.44 
37.1350000 143.4000000 0.00000 50.00000 50.00000 14.00 193.00 81.00 .00 
36.7300000 143.0700000 0.00000 50.00000 50.00000 14.00 193.00 81.00 .00 
36.3250000 142.7400000 0.00000 50.00000 50.00000 14.00 193.00 81.00 1.89 
35.9050000 142.5040000 0.00000 50.00000 50.00000 14.00 193.00 81.00 .63 
39.8360000 143.7780000 12.10000 50.00000 50.00000 14.00 193.00 81.00 .00 
39.3980000 143.6510000 12.10000 50.00000 50.00000 14.00 193.00 81.00 .81 
38.9600000 143.5230000 12.10000 50.00000 50.00000 14.00 193.00 81.00 10.67 
38.5220000 143.3970000 12.10000 50.00000 50.00000 14.00 193.00 81.00 27.84 
38.0840000 143.2710000 12.10000 50.00000 50.00000 14.00 193.00 81.00 33.79 
37.6460000 143.1460000 12.10000 50.00000 50.00000 14.00 193.00 81.00 24.11 
37.2330000 142.8670000 12.10000 50.00000 50.00000 14.00 193.00 81.00 .00 
36.8280000 142.5400000 12.10000 50.00000 50.00000 14.00 193.00 81.00 .00 
36.4230000 142.2130000 12.10000 50.00000 50.00000 14.00 193.00 81.00 .00 
36.0030000 141.9790000 12.10000 50.00000 50.00000 14.00 193.00 81.00 .00 
39.9340000 143.2240000 24.20000 50.00000 50.00000 14.00 193.00 81.00 .00 
39.4960000 143.1000000 24.20000 50.00000 50.00000 14.00 193.00 81.00 .00 
39.0580000 142.9770000 24.20000 50.00000 50.00000 14.00 193.00 81.00 4.86 
38.6200000 142.8530000 24.20000 50.00000 50.00000 14.00 193.00 81.00 19.56 
38.1820000 142.7310000 24.20000 50.00000 50.00000 14.00 193.00 81.00 23.38 
37.7440000 142.6090000 24.20000 50.00000 50.00000 14.00 193.00 81.00 13.13 
37.3310000 142.3330000 24.20000 50.00000 50.00000 14.00 193.00 81.00 11.13 
36.9260000 142.0090000 24.20000 50.00000 50.00000 14.00 193.00 81.00 2.23 
36.5210000 141.6840000 24.20000 50.00000 50.00000 14.00 193.00 81.00 2.25 
36.1010000 141.4540000 24.20000 50.00000 50.00000 14.00 193.00 81.00 .54 
40.0320000 142.6700000 36.30000 50.00000 50.00000 14.00 193.00 81.00 .00 
39.5940000 142.5490000 36.30000 50.00000 50.00000 14.00 193.00 81.00 .00 
39.1560000 142.4300000 36.30000 50.00000 50.00000 14.00 193.00 81.00 .00 
38.7180000 142.3090000 36.30000 50.00000 50.00000 14.00 193.00 81.00 14.64 
38.2800000 142.1900000 36.30000 50.00000 50.00000 14.00 193.00 81.00 9.46 
37.8420000 142.0710000 36.30000 50.00000 50.00000 14.00 193.00 81.00 .00 
37.4290000 141.7980000 36.30000 50.00000 50.00000 14.00 193.00 81.00 .00 
37.0240000 141.4770000 36.30000 50.00000 50.00000 14.00 193.00 81.00 .00 
36.6190000 141.1550000 36.30000 50.00000 50.00000 14.00 193.00 81.00 .00 
36.1990000 140.9280000 36.30000 50.00000 50.00000 14.00 193.00 81.00 .00 
